
========================
NUOVA ESECUZIONE
========================

Array linspace:
[ 0.          0.20408163  0.40816327  0.6122449   0.81632653  1.02040816
  1.2244898   1.42857143  1.63265306  1.83673469  2.04081633  2.24489796
  2.44897959  2.65306122  2.85714286  3.06122449  3.26530612  3.46938776
  3.67346939  3.87755102  4.08163265  4.28571429  4.48979592  4.69387755
  4.89795918  5.10204082  5.30612245  5.51020408  5.71428571  5.91836735
  6.12244898  6.32653061  6.53061224  6.73469388  6.93877551  7.14285714
  7.34693878  7.55102041  7.75510204  7.95918367  8.16326531  8.36734694
  8.57142857  8.7755102   8.97959184  9.18367347  9.3877551   9.59183673
  9.79591837 10.        ]

Array random:
[0.37454012 0.95071431 0.73199394 0.59865848 0.15601864 0.15599452
 0.05808361 0.86617615 0.60111501 0.70807258 0.02058449 0.96990985
 0.83244264 0.21233911 0.18182497 0.18340451 0.30424224 0.52475643
 0.43194502 0.29122914 0.61185289 0.13949386 0.29214465 0.36636184
 0.45606998 0.78517596 0.19967378 0.51423444 0.59241457 0.04645041
 0.60754485 0.17052412 0.06505159 0.94888554 0.96563203 0.80839735
 0.30461377 0.09767211 0.68423303 0.44015249 0.12203823 0.49517691
 0.03438852 0.9093204  0.25877998 0.66252228 0.31171108 0.52006802
 0.54671028 0.18485446]

Somma array precedenti:
[ 0.37454012  1.15479594  1.14015721  1.21090338  0.97234517  1.17640268
  1.28257341  2.29474757  2.23376807  2.54480727  2.06140082  3.21480781
  3.28142223  2.86540034  3.03896782  3.244629    3.56954837  3.99414419
  4.10541441  4.16878016  4.69348555  4.42520815  4.78194057  5.06023939
  5.35402917  5.88721678  5.50579623  6.02443852  6.30670028  5.96481776
  6.72999383  6.49705474  6.59566384  7.68357941  7.90440754  7.95125449
  7.65155254  7.64869252  8.43933507  8.39933617  8.28530354  8.86252385
  8.60581709  9.68483061  9.23837182  9.84619575  9.69946618 10.11190476
 10.34262865 10.18485446]

Somma totale: 272.30
Somma valori > 5: 210.47

========================
NUOVA ESECUZIONE
========================

Array linspace:
[ 0.          0.20408163  0.40816327  0.6122449   0.81632653  1.02040816
  1.2244898   1.42857143  1.63265306  1.83673469  2.04081633  2.24489796
  2.44897959  2.65306122  2.85714286  3.06122449  3.26530612  3.46938776
  3.67346939  3.87755102  4.08163265  4.28571429  4.48979592  4.69387755
  4.89795918  5.10204082  5.30612245  5.51020408  5.71428571  5.91836735
  6.12244898  6.32653061  6.53061224  6.73469388  6.93877551  7.14285714
  7.34693878  7.55102041  7.75510204  7.95918367  8.16326531  8.36734694
  8.57142857  8.7755102   8.97959184  9.18367347  9.3877551   9.59183673
  9.79591837 10.        ]

Array random:
[0.96958463 0.77513282 0.93949894 0.89482735 0.59789998 0.92187424
 0.0884925  0.19598286 0.04522729 0.32533033 0.38867729 0.27134903
 0.82873751 0.35675333 0.28093451 0.54269608 0.14092422 0.80219698
 0.07455064 0.98688694 0.77224477 0.19871568 0.00552212 0.81546143
 0.70685734 0.72900717 0.77127035 0.07404465 0.35846573 0.11586906
 0.86310343 0.62329813 0.33089802 0.06355835 0.31098232 0.32518332
 0.72960618 0.63755747 0.88721274 0.47221493 0.11959425 0.71324479
 0.76078505 0.5612772  0.77096718 0.4937956  0.52273283 0.42754102
 0.02541913 0.10789143]

Somma array precedenti:
[ 0.96958463  0.97921446  1.34766221  1.50707225  1.41422651  1.9422824
  1.3129823   1.62455429  1.67788035  2.16206502  2.42949362  2.51624699
  3.2777171   3.00981455  3.13807737  3.60392057  3.40623035  4.27158474
  3.74802003  4.86443796  4.85387742  4.48442997  4.49531804  5.50933898
  5.60481653  5.83104798  6.0773928   5.58424873  6.07275144  6.03423641
  6.98555241  6.94982874  6.86151027  6.79825223  7.24975783  7.46804046
  8.07654495  8.18857788  8.64231478  8.4313986   8.28285955  9.08059173
  9.33221362  9.3367874   9.75055902  9.67746907  9.91048793 10.01937775
  9.82133749 10.10789143]

Somma totale: 274.72
Somma valori > 5: 211.69
